Average
(89.6, 10.4)
(89.6, 10.4, 0.1, 0.0)
Average
(90.22, 9.79)
(90.22, 9.79, 0.1, 0.2)
Average
(88.08, 11.92)
(88.08, 11.92, 0.1, 0.3)
Average
(86.5, 13.5)
(86.5, 13.5, 0.1, 0.4)
Average
(84.82, 15.18)
(84.82, 15.18, 0.1, 0.5)
Average
(81.78, 18.22)
(81.78, 18.22, 0.1, 0.6)
Average
(78.91, 21.09)
(78.91, 21.09, 0.1, 0.7)
Average
(78.55, 21.45)
(78.55, 21.45, 0.1, 0.8)
Average
(76.31, 23.69)
(76.31, 23.69, 0.1, 0.9)
Average
(89.6, 10.4)
(89.6, 10.4, 0.2, 0.0)
Average
(91.39, 8.61)
(91.39, 8.61, 0.2, 0.1)
Average
(91.42, 8.58)
(91.42, 8.58, 0.2, 0.3)
Average
(90.22, 9.79)
(90.22, 9.79, 0.2, 0.4)
Average
(88.4, 11.6)
(88.4, 11.6, 0.2, 0.5)
Average
(88.08, 11.92)
(88.08, 11.92, 0.2, 0.6)
Average
(87.46, 12.54)
(87.46, 12.54, 0.2, 0.7)
Average
(86.5, 13.5)
(86.5, 13.5, 0.2, 0.8)
Average
(85.53, 14.47)
(85.53, 14.47, 0.2, 0.9)
Average
(89.6, 10.4)
(89.6, 10.4, 0.3, 0.0)
Average
(91.63, 8.38)
(91.63, 8.38, 0.3, 0.1)
Average
(91.69, 8.31)
(91.69, 8.31, 0.3, 0.2)
Average
(91.42, 8.58)
(91.42, 8.58, 0.3, 0.4)
Average
(90.83, 9.17)
(90.83, 9.17, 0.3, 0.5)
Average
(90.22, 9.79)
(90.22, 9.79, 0.3, 0.6)
Average
(88.66, 11.34)
(88.66, 11.34, 0.3, 0.7)
Average
(88.08, 11.92)
(88.08, 11.92, 0.3, 0.8)
Average
(88.08, 11.92)
(88.08, 11.92, 0.3, 0.9)
Average
(89.6, 10.4)
(89.6, 10.4, 0.4, 0.0)
Average
(90.41, 9.59)
(90.41, 9.59, 0.4, 0.1)
Average
(91.39, 8.61)
(91.39, 8.61, 0.4, 0.2)
Average
(91.69, 8.31)
(91.69, 8.31, 0.4, 0.3)
Average
(91.42, 8.58)
(91.42, 8.58, 0.4, 0.5)
Average
(91.42, 8.58)
(91.42, 8.58, 0.4, 0.6)
Average
(90.52, 9.48)
(90.52, 9.48, 0.4, 0.7)
Average
(90.22, 9.79)
(90.22, 9.79, 0.4, 0.8)
Average
(89.27, 10.74)
(89.27, 10.74, 0.4, 0.9)
Average
(89.6, 10.4)
(89.6, 10.4, 0.5, 0.0)
Average
(90.41, 9.59)
(90.41, 9.59, 0.5, 0.1)
Average
(91.67, 8.33)
(91.67, 8.33, 0.5, 0.2)
Average
(91.69, 8.31)
(91.69, 8.31, 0.5, 0.3)
Average
(91.69, 8.31)
(91.69, 8.31, 0.5, 0.4)
Average
(91.72, 8.28)
(91.72, 8.28, 0.5, 0.6)
Average
(91.42, 8.58)
(91.42, 8.58, 0.5, 0.7)
Average
(91.42, 8.58)
(91.42, 8.58, 0.5, 0.8)
Average
(90.22, 9.79)
(90.22, 9.79, 0.5, 0.9)
Average
(89.6, 10.4)
(89.6, 10.4, 0.6, 0.0)
Average
(90.41, 9.59)
(90.41, 9.59, 0.6, 0.1)
Average
(91.63, 8.38)
(91.63, 8.38, 0.6, 0.2)
Average
(91.39, 8.61)
(91.39, 8.61, 0.6, 0.3)
Average
(91.69, 8.31)
(91.69, 8.31, 0.6, 0.4)
Average
(91.69, 8.31)
(91.69, 8.31, 0.6, 0.5)
Average
(91.42, 8.58)
(91.42, 8.58, 0.6, 0.7)
Average
(91.42, 8.58)
(91.42, 8.58, 0.6, 0.8)
Average
(91.42, 8.58)
(91.42, 8.58, 0.6, 0.9)
Average
(89.6, 10.4)
(89.6, 10.4, 0.7, 0.0)
Average
(90.41, 9.59)
(90.41, 9.59, 0.7, 0.1)
Average
(91.03, 8.98)
(91.03, 8.98, 0.7, 0.2)
Average
(91.67, 8.33)
(91.67, 8.33, 0.7, 0.3)
Average
(91.69, 8.31)
(91.69, 8.31, 0.7, 0.4)
Average
(91.69, 8.31)
(91.69, 8.31, 0.7, 0.5)
Average
(91.69, 8.31)
(91.69, 8.31, 0.7, 0.6)
Average
(91.42, 8.58)
(91.42, 8.58, 0.7, 0.8)
Average
(91.42, 8.58)
(91.42, 8.58, 0.7, 0.9)
Average
(89.6, 10.4)
(89.6, 10.4, 0.8, 0.0)
Average
(90.15, 9.85)
(90.15, 9.85, 0.8, 0.1)
Average
(90.41, 9.59)
(90.41, 9.59, 0.8, 0.2)
Average
(91.36, 8.64)
(91.36, 8.64, 0.8, 0.3)
Average
(91.39, 8.61)
(91.39, 8.61, 0.8, 0.4)
Average
(91.69, 8.31)
(91.69, 8.31, 0.8, 0.5)
Average
(91.69, 8.31)
(91.69, 8.31, 0.8, 0.6)
Average
(91.99, 8.01)
(91.99, 8.01, 0.8, 0.7)
Average
(91.42, 8.58)
(91.42, 8.58, 0.8, 0.9)
Average
(89.6, 10.4)
(89.6, 10.4, 0.9, 0.0)
Average
(90.18, 9.82)
(90.18, 9.82, 0.9, 0.1)
Average
(90.41, 9.59)
(90.41, 9.59, 0.9, 0.2)
Average
(91.63, 8.38)
(91.63, 8.38, 0.9, 0.3)
Average
(91.67, 8.33)
(91.67, 8.33, 0.9, 0.4)
Average
(91.69, 8.31)
(91.69, 8.31, 0.9, 0.5)
Average
(91.69, 8.31)
(91.69, 8.31, 0.9, 0.6)
Average
(91.69, 8.31)
(91.69, 8.31, 0.9, 0.7)
Average
(91.69, 8.31)
(91.69, 8.31, 0.9, 0.8)

Results

(91.99, 8.01, 0.8, 0.7)

real    7m34.250s
user    7m25.522s
sys 0m8.930s
